100 5
   -9   17  -16  -50   19
  -26   28    8   12   14
  -45   -5   31  -23   11
   41   45   -8  -23  -14
   41  -46  -48    3   42
   32  -29  -34  -32   45
   -3  -24   21  -12   19
  -38   17   49  -15   44
  -47  -39  -28  -17   23
   14   -9  -39    3   18
   -3   -6   12    7  -13
    9  -27   -9  -21   28
  -34  -15   40   -8   38
  -44  -10   -8   14   -2
   -4  -45   40  -21   20
    0  -44  -49   43   -2
  -21  -27   34    4    6
  -10   16   26  -19  -42
   -6  -11  -24  -27  -13
  -12  -32   32  -21   -9
  -17  -35  -11    8  -46
  -20   27  -44   23   36
  -29   -5  -26   22   20
  -21   27   23   47  -38
   36   40   11  -14    5
   17    5   24  -19    2
    0    0   -9  -26   16
  -20  -43   41  -43  -13
    7   37    3   33   -5
  -41  -41    8  -29   38
  -28   -4  -44  -20  -37
   18  -50   41   12    5
  -40    9  -26  -13   -2
   33   45   -9  -48    0
   41  -14   24  -30   46
  -29   -2   49   18   34
   31  -16    3   49  -32
  -12  -50   38  -23   17
  -22   43   -2   33  -43
  -29  -40  -33  -37  -36
  -41  -34  -15    1  -50
   -1  -31    6   48  -47
  -26  -42   -6  -41   39
  -48   45   35   43   -7
  -27   37  -36  -47   -2
  -50    8  -32   30   46
   48   31   39   48  -41
    7   22  -28  -12   42
  -12   29   40    7    8
   41  -35   38    6  -39
  -48  -16   22    5  -22
   -4   12   36   25  -17
   19   -8   -6  -34   31
   48  -28    1  -29   49
    7   26   42   39   25
  -38  -50  -40  -47   19
   11   38  -49   39    5
  -27  -48   35   32   35
   38  -24  -33    7  -18
  -18   19    4  -29   39
   26  -21   18   42  -25
    5  -16   -1   -9  -38
   -5   10  -32    3  -11
  -27   29   46   37  -21
   -1  -13   16   -1   43
   45   47  -34   36  -45
   38   32    5  -16  -36
  -49  -34   21   36   13
  -37    5   35    3  -38
  -42  -18   -5  -37    6
  -29    8   -4   32   31
   -6   46  -28  -21   11
  -15    0   23   16   -6
    9   42  -11    3  -26
    4  -40   -5   -1   36
  -37   24  -28   18  -32
   37  -45    8   41  -48
  -25   27  -36  -36  -26
  -16   24   22    9  -17
   20   37   47  -32   27
   23   20   13   18   42
   35  -48   30  -37  -23
  -48   49  -23  -25   -7
  -26  -27   22   11   31
  -47  -18  -45   43  -25
  -19   42   -8  -28   36
   14  -50   37   10  -37
   24   20   20  -15  -17
  -39   10   46   17   35
    0  -10   44   45  -26
  -31  -25   26   44    8
  -48   21   16   28   43
    1   34  -32   14  -31
    2  -50   37   10  -24
  -40    7   20  -35   26
  -23   -7    8   14  -41
   32   36   15   37   27
   24  -25  -23  -21  -22
  -27  -30  -48   12  -27
   46  -13   11   45  -25
