50 4
   -9   17  -16  -50
   19  -26   28    8
   12   14  -45   -5
   31  -23   11   41
   45   -8  -23  -14
   41  -46  -48    3
   42   32  -29  -34
  -32   45   -3  -24
   21  -12   19  -38
   17   49  -15   44
  -47  -39  -28  -17
   23   14   -9  -39
    3   18   -3   -6
   12    7  -13    9
  -27   -9  -21   28
  -34  -15   40   -8
   38  -44  -10   -8
   14   -2   -4  -45
   40  -21   20    0
  -44  -49   43   -2
  -21  -27   34    4
    6  -10   16   26
  -19  -42   -6  -11
  -24  -27  -13  -12
  -32   32  -21   -9
  -17  -35  -11    8
  -46  -20   27  -44
   23   36  -29   -5
  -26   22   20  -21
   27   23   47  -38
   36   40   11  -14
    5   17    5   24
  -19    2    0    0
   -9  -26   16  -20
  -43   41  -43  -13
    7   37    3   33
   -5  -41  -41    8
  -29   38  -28   -4
  -44  -20  -37   18
  -50   41   12    5
  -40    9  -26  -13
   -2   33   45   -9
  -48    0   41  -14
   24  -30   46  -29
   -2   49   18   34
   31  -16    3   49
  -32  -12  -50   38
  -23   17  -22   43
   -2   33  -43  -29
  -40  -33  -37  -36
